pdbfile 1: 1cnx_prot_qr.pdb
pdbfile 2: dockeye_lig_mark_2.pdb
# of atoms 1:   2491   2:     28
geometric centers: 
1:    -9.668   -1.693   16.036 
2:     0.576    8.886    8.215 
net charge 1:     9.064 2:     0.997 
energy parameters dielectric:   80.000 VDW depth:    0.100
# of ligand conformers:     30
new min:     -0.14907      -1.3414      -1.4905 model   13 
     1.00000      0.00000      0.00000      0.00000 
     0.00000      1.00000      0.00000      0.00000 
     0.00000      0.00000      1.00000      0.00000 
     0.00000      0.00000      0.00000      1.00000 
     1.00000      0.00000      0.00000      0.00000 
     0.00000      1.00000      0.00000      0.00000 
     0.00000      0.00000      1.00000      0.00000 
     0.00000      0.00000      0.00000      1.00000 
new min:     -0.42633      -1.1651      -1.5915 model    8 
     1.00000      0.00000      0.00000      0.00000 
     0.00000      1.00000      0.00000      0.00000 
     0.00000      0.00000      1.00000      0.00000 
     0.00000      0.00000      0.00000      1.00000 
     0.99011     -0.13168     -0.04833      1.57284 
     0.11865      0.97000     -0.21218      1.94131 
     0.07482      0.20435      0.97603     -1.66210 
     0.00000      0.00000      0.00000      1.00000 
new min:     -0.71416      -1.0026      -1.7168 model    8 
     1.00000      0.00000      0.00000      0.00000 
     0.00000      1.00000      0.00000      0.00000 
     0.00000      0.00000      1.00000      0.00000 
     0.00000      0.00000      0.00000      1.00000 
     0.97142     -0.23350     -0.04270      2.44214 
     0.20168      0.90674     -0.37034      3.75491 
     0.12519      0.35115      0.92791     -2.60023 
     0.00000      0.00000      0.00000      1.00000 
new min:     -0.43741      -1.3887      -1.8261 model   19 
     1.00000      0.00000      0.00000      0.00000 
     0.00000      1.00000      0.00000      0.00000 
     0.00000      0.00000      1.00000      0.00000 
     0.00000      0.00000      0.00000      1.00000 
     0.96253     -0.26506      0.05728      1.90642 
     0.26468      0.87229     -0.41115      4.35996 
     0.05902      0.41091      0.90976     -2.94411 
     0.00000      0.00000      0.00000      1.00000 
new min:     -0.11016      -1.8741      -1.9843 model    0 
     1.00000      0.00000      0.00000      0.00000 
     0.00000      1.00000      0.00000      0.00000 
     0.00000      0.00000      1.00000      0.00000 
     0.00000      0.00000      0.00000      1.00000 
     0.95775     -0.25702      0.12906      1.24805 
     0.28729      0.87594     -0.38755      4.12061 
    -0.01344      0.40825      0.91277     -2.90348 
     0.00000      0.00000      0.00000      1.00000 
new min:     -0.13047      -2.0177      -2.1482 model    0 
     1.00000      0.00000      0.00000      0.00000 
     0.00000      1.00000      0.00000      0.00000 
     0.00000      0.00000      1.00000      0.00000 
     0.00000      0.00000      0.00000      1.00000 
     0.95412     -0.25959      0.14924      1.10720 
     0.29808      0.87071     -0.39117      4.19070 
    -0.02840      0.41771      0.90814     -2.94086 
     0.00000      0.00000      0.00000      1.00000 
new min:     -0.11074      -2.0929      -2.2037 model    0 
     1.00000      0.00000      0.00000      0.00000 
     0.00000      1.00000      0.00000      0.00000 
     0.00000      0.00000      1.00000      0.00000 
     0.00000      0.00000      0.00000      1.00000 
     0.95128     -0.25479      0.17364      0.86575 
     0.30320      0.87527     -0.37678      4.02890 
    -0.05598      0.41107      0.90988     -2.88032 
     0.00000      0.00000      0.00000      1.00000 
